Stable Library
=========================================
Native lib Version = RXTX-2.2pre2
Java lib Version   = RXTX-2.1-7
WARNING:  RXTX Version mismatch
	Jar version = RXTX-2.1-7
	native lib Version = RXTX-2.2pre2
T Hum  Mn Mx TempC Tempf Mn Mx DewPc DewPf F H  1 2 3 4 5 6
1 Mode 6
5 65.1 10 10 28.15 82.68 10 10 20.98 69.76 0 0  0 0 0 0 0 1
6 Clock synced with: T1242099205 - 3:33:26 Tuesday May 12 
Time Weekday Month Day Hum  Mn Mx TempC Tempf Mn Mx DewPc DewPf F H  1 2 3 4 5 6
3:33:27 Tuesday May 12 65.6 10 10 28.15 82.68 10 10 21.09 69.97 0 0  0 0 0 0 0 1
3:34:58 Tuesday May 12 65.1 10 10 28.15 82.68 10 10 20.98 69.76 0 0  0 0 0 0 0 1
3:36:29 Tuesday May 12 65.6 10 10 28.15 82.68 10 10 21.09 69.97 0 0  0 0 0 0 0 1
3:38:00 Tuesday May 12 65.5 10 10 28.24 82.84 10 10 21.16 70.09 0 0  0 0 0 0 0 1
3:39:31 Tuesday May 12 65.0 10 10 28.24 82.84 10 10 21.03 69.85 0 0  0 0 0 0 0 1
3:41:02 Tuesday May 12 65.0 10 10 28.24 82.84 10 10 21.03 69.85 0 0  0 0 0 0 0 1
3:42:33 Tuesday May 12 65.0 10 10 28.24 82.84 10 10 21.03 69.85 0 0  0 0 0 0 0 1
3:44:04 Tuesday May 12 65.4 10 10 28.24 82.84 10 10 21.14 70.06 0 0  0 0 0 0 0 1
3:45:35 Tuesday May 12 65.3 10 10 28.24 82.84 10 10 21.10 69.99 0 0  0 0 0 0 0 1
3:47:06 Tuesday May 12 64.8 10 10 28.24 82.84 10 10 20.99 69.78 0 0  0 0 0 0 0 1
3:48:37 Tuesday May 12 64.7 10 10 28.24 82.84 10 10 20.97 69.75 0 0  0 0 0 0 0 1
3:50:08 Tuesday May 12 64.7 10 10 28.24 82.84 10 10 20.95 69.71 0 0  0 0 0 0 0 1
3:51:39 Tuesday May 12 65.1 10 10 28.24 82.84 10 10 21.06 69.92 0 0  0 0 0 0 0 1
3:53:10 Tuesday May 12 65.1 10 10 28.24 82.84 10 10 21.06 69.92 0 0  0 0 0 0 0 1
3:54:41 Tuesday May 12 65.1 10 10 28.33 83.00 10 10 21.15 70.08 0 0  0 0 0 0 0 1
3:56:12 Tuesday May 12 64.6 10 10 28.33 83.00 10 10 21.02 69.84 0 0  0 0 0 0 0 1
3:57:43 Tuesday May 12 64.6 10 10 28.33 83.00 10 10 21.02 69.84 0 0  0 0 0 0 0 1
3:59:14 Tuesday May 12 64.5 10 10 28.33 83.00 10 10 21.00 69.80 0 0  0 0 0 0 0 1
4:00:45 Tuesday May 12 65.0 10 10 28.33 83.00 10 10 21.13 70.04 0 0  0 0 0 0 0 1
4:02:16 Tuesday May 12 65.0 10 10 28.33 83.00 10 10 21.11 70.01 0 0  0 0 0 0 0 1
4:03:47 Tuesday May 12 64.4 10 10 28.43 83.17 10 10 21.07 69.93 0 0  0 0 0 0 0 1
4:05:18 Tuesday May 12 64.5 10 10 28.33 83.00 10 10 21.00 69.80 0 0  0 0 0 0 0 1
4:06:49 Tuesday May 12 64.5 10 10 28.33 83.00 10 10 21.00 69.80 0 0  0 0 0 0 0 1
4:08:20 Tuesday May 12 65.0 10 10 28.33 83.00 10 10 21.13 70.04 0 0  0 0 0 0 0 1
4:09:51 Tuesday May 12 65.0 10 10 28.33 83.00 10 10 21.13 70.04 0 0  0 0 0 0 0 1
4:11:22 Tuesday May 12 64.5 10 10 28.33 83.00 10 10 21.00 69.80 0 0  0 0 0 0 0 1
4:12:53 Tuesday May 12 64.4 10 10 28.43 83.17 10 10 21.07 69.93 0 0  0 0 0 0 0 1
4:14:24 Tuesday May 12 64.4 10 10 28.43 83.17 10 10 21.07 69.93 0 0  0 0 0 0 0 1
4:15:55 Tuesday May 12 65.0 10 10 28.43 83.17 10 10 21.20 70.17 0 0  0 0 0 0 0 1
4:17:26 Tuesday May 12 65.0 10 10 28.43 83.17 10 10 21.20 70.17 0 0  0 0 0 0 0 1
4:18:57 Tuesday May 12 65.0 10 10 28.43 83.17 10 10 21.20 70.17 0 0  0 0 0 0 0 1
4:20:28 Tuesday May 12 64.5 10 10 28.43 83.17 10 10 21.09 69.96 0 0  0 0 0 0 0 1
4:21:59 Tuesday May 12 64.4 10 10 28.43 83.17 10 10 21.07 69.93 0 0  0 0 0 0 0 1
4:23:30 Tuesday May 12 64.4 10 10 28.43 83.17 10 10 21.05 69.89 0 0  0 0 0 0 0 1
4:25:01 Tuesday May 12 65.0 10 10 28.43 83.17 10 10 21.20 70.17 0 0  0 0 0 0 0 1
4:26:32 Tuesday May 12 64.8 10 10 28.43 83.17 10 10 21.16 70.10 0 0  0 0 0 0 0 1
4:28:03 Tuesday May 12 64.3 10 10 28.43 83.17 10 10 21.03 69.86 0 0  0 0 0 0 0 1
4:29:34 Tuesday May 12 64.4 10 10 28.43 83.17 10 10 21.05 69.89 0 0  0 0 0 0 0 1
4:31:05 Tuesday May 12 64.4 10 10 28.43 83.17 10 10 21.05 69.89 0 0  0 0 0 0 0 1
4:32:36 Tuesday May 12 64.9 10 10 28.52 83.33 10 10 21.27 70.29 0 0  0 0 0 0 0 1
4:34:07 Tuesday May 12 64.8 10 10 28.43 83.17 10 10 21.16 70.10 0 0  0 0 0 0 0 1
4:35:38 Tuesday May 12 64.4 10 10 28.43 83.17 10 10 21.05 69.89 0 0  0 0 0 0 0 1
4:37:09 Tuesday May 12 64.4 10 10 28.52 83.33 10 10 21.14 70.05 0 0  0 0 0 0 0 1
4:38:40 Tuesday May 12 64.4 10 10 28.43 83.17 10 10 21.05 69.89 0 0  0 0 0 0 0 1
4:40:11 Tuesday May 12 64.9 10 10 28.52 83.33 10 10 21.27 70.29 0 0  0 0 0 0 0 1
4:41:42 Tuesday May 12 64.8 10 10 28.52 83.33 10 10 21.25 70.26 0 0  0 0 0 0 0 1
4:43:13 Tuesday May 12 64.9 10 10 28.52 83.33 10 10 21.27 70.29 0 0  0 0 0 0 0 1
4:44:44 Tuesday May 12 64.3 10 10 28.52 83.33 10 10 21.12 70.01 0 0  0 0 0 0 0 1
4:46:15 Tuesday May 12 64.3 10 10 28.52 83.33 10 10 21.12 70.01 0 0  0 0 0 0 0 1
4:47:46 Tuesday May 12 64.4 10 10 28.52 83.33 10 10 21.14 70.05 0 0  0 0 0 0 0 1
4:49:17 Tuesday May 12 64.9 10 10 28.52 83.33 10 10 21.27 70.29 0 0  0 0 0 0 0 1
4:50:48 Tuesday May 12 64.8 10 10 28.52 83.33 10 10 21.25 70.26 0 0  0 0 0 0 0 1
4:52:19 Tuesday May 12 64.5 10 10 28.52 83.33 10 10 21.16 70.08 0 0  0 0 0 0 0 1
4:53:50 Tuesday May 12 64.3 10 10 28.52 83.33 10 10 21.12 70.01 0 0  0 0 0 0 0 1
4:55:21 Tuesday May 12 64.3 10 10 28.52 83.33 10 10 21.12 70.01 0 0  0 0 0 0 0 1
4:56:52 Tuesday May 12 64.8 10 10 28.52 83.33 10 10 21.25 70.26 0 0  0 0 0 0 0 1
4:58:23 Tuesday May 12 64.9 10 10 28.52 83.33 10 10 21.27 70.29 0 0  0 0 0 0 0 1
4:59:54 Tuesday May 12 64.4 10 10 28.52 83.33 10 10 21.14 70.05 0 0  0 0 0 0 0 1
5:01:25 Tuesday May 12 64.4 10 10 28.52 83.33 10 10 21.14 70.05 0 0  0 0 0 0 0 1
5:02:56 Tuesday May 12 64.4 10 10 28.52 83.33 10 10 21.14 70.05 0 0  0 0 0 0 0 1
5:04:27 Tuesday May 12 64.9 10 10 28.52 83.33 10 10 21.27 70.29 0 0  0 0 0 0 0 1
5:05:58 Tuesday May 12 65.0 10 10 28.52 83.33 10 10 21.29 70.33 0 0  0 0 0 0 0 1
5:07:29 Tuesday May 12 65.0 10 10 28.52 83.33 10 10 21.29 70.33 0 0  0 0 0 0 0 1
5:09:00 Tuesday May 12 64.5 10 10 28.52 83.33 10 10 21.16 70.08 0 0  0 0 0 0 0 1
5:10:31 Tuesday May 12 64.5 10 10 28.52 83.33 10 10 21.16 70.08 0 0  0 0 0 0 0 1
5:12:02 Tuesday May 12 64.5 10 10 28.52 83.33 10 10 21.17 70.12 0 0  0 0 0 0 0 1
5:13:33 Tuesday May 12 65.1 10 10 28.52 83.33 10 10 21.31 70.36 0 0  0 0 0 0 0 1
5:15:04 Tuesday May 12 65.1 10 10 28.52 83.33 10 10 21.31 70.36 0 0  0 0 0 0 0 1
5:16:35 Tuesday May 12 64.6 10 10 28.52 83.33 10 10 21.19 70.15 0 0  0 0 0 0 0 1
5:18:06 Tuesday May 12 64.6 10 10 28.52 83.33 10 10 21.19 70.15 0 0  0 0 0 0 0 1
5:19:37 Tuesday May 12 64.7 10 10 28.52 83.33 10 10 21.21 70.19 0 0  0 0 0 0 0 1
5:21:08 Tuesday May 12 65.1 10 10 28.52 83.33 10 10 21.33 70.39 0 0  0 0 0 0 0 1
5:22:39 Tuesday May 12 65.1 10 10 28.52 83.33 10 10 21.33 70.39 0 0  0 0 0 0 0 1
5:24:10 Tuesday May 12 64.8 10 10 28.52 83.33 10 10 21.23 70.22 0 0  0 0 0 0 0 1
5:25:41 Tuesday May 12 64.6 10 10 28.52 83.33 10 10 21.19 70.15 0 0  0 0 0 0 0 1
5:27:12 Tuesday May 12 64.8 10 10 28.52 83.33 10 10 21.23 70.22 0 0  0 0 0 0 0 1
5:28:43 Tuesday May 12 65.2 10 10 28.52 83.33 10 10 21.35 70.43 0 0  0 0 0 0 0 1
5:30:14 Tuesday May 12 65.2 10 10 28.52 83.33 10 10 21.35 70.43 0 0  0 0 0 0 0 1
5:31:45 Tuesday May 12 65.2 10 10 28.52 83.33 10 10 21.35 70.43 0 0  0 0 0 0 0 1
5:33:16 Tuesday May 12 64.8 10 10 28.52 83.33 10 10 21.23 70.22 0 0  0 0 0 0 0 1
5:34:47 Tuesday May 12 64.8 10 10 28.52 83.33 10 10 21.25 70.26 0 0  0 0 0 0 0 1
5:36:18 Tuesday May 12 64.9 10 10 28.52 83.33 10 10 21.27 70.29 0 0  0 0 0 0 0 1
5:37:49 Tuesday May 12 65.3 10 10 28.52 83.33 10 10 21.37 70.46 0 0  0 0 0 0 0 1
5:39:20 Tuesday May 12 65.3 10 10 28.52 83.33 10 10 21.37 70.46 0 0  0 0 0 0 0 1
5:40:51 Tuesday May 12 64.8 10 10 28.52 83.33 10 10 21.25 70.26 0 0  0 0 0 0 0 1
5:42:22 Tuesday May 12 64.8 10 10 28.52 83.33 10 10 21.25 70.26 0 0  0 0 0 0 0 1
5:43:53 Tuesday May 12 64.8 10 10 28.52 83.33 10 10 21.25 70.26 0 0  0 0 0 0 0 1
5:45:24 Tuesday May 12 65.4 10 10 28.52 83.33 10 10 21.40 70.53 0 0  0 0 0 0 0 1
5:46:55 Tuesday May 12 65.4 10 10 28.52 83.33 10 10 21.39 70.50 0 0  0 0 0 0 0 1
5:48:26 Tuesday May 12 64.9 10 10 28.52 83.33 10 10 21.27 70.29 0 0  0 0 0 0 0 1
5:49:57 Tuesday May 12 64.9 10 10 28.52 83.33 10 10 21.27 70.29 0 0  0 0 0 0 0 1
5:51:28 Tuesday May 12 65.0 10 10 28.52 83.33 10 10 21.29 70.33 0 0  0 0 0 0 0 1
5:52:59 Tuesday May 12 65.4 10 10 28.52 83.33 10 10 21.40 70.53 0 0  0 0 0 0 0 1
5:54:30 Tuesday May 12 65.4 10 10 28.52 83.33 10 10 21.40 70.53 0 0  0 0 0 0 0 1
5:56:01 Tuesday May 12 65.4 10 10 28.52 83.33 10 10 21.40 70.53 0 0  0 0 0 0 0 1
5:57:32 Tuesday May 12 64.9 10 10 28.52 83.33 10 10 21.27 70.29 0 0  0 0 0 0 0 1
5:59:03 Tuesday May 12 64.9 10 10 28.52 83.33 10 10 21.27 70.29 0 0  0 0 0 0 0 1
6:00:34 Tuesday May 12 64.9 10 10 28.52 83.33 10 10 21.27 70.29 0 0  0 0 0 0 0 1
6:02:05 Tuesday May 12 65.4 10 10 28.52 83.33 10 10 21.39 70.50 0 0  0 0 0 0 0 1
6:03:36 Tuesday May 12 65.4 10 10 28.52 83.33 10 10 21.40 70.53 0 0  0 0 0 0 0 1
6:05:07 Tuesday May 12 64.9 10 10 28.52 83.33 10 10 21.27 70.29 0 0  0 0 0 0 0 1
6:06:38 Tuesday May 12 64.9 10 10 28.52 83.33 10 10 21.27 70.29 0 0  0 0 0 0 0 1
6:08:09 Tuesday May 12 65.0 10 10 28.52 83.33 10 10 21.29 70.33 0 0  0 0 0 0 0 1
6:09:40 Tuesday May 12 65.5 10 10 28.52 83.33 10 10 21.42 70.57 0 0  0 0 0 0 0 1
6:11:11 Tuesday May 12 65.5 10 10 28.52 83.33 10 10 21.42 70.57 0 0  0 0 0 0 0 1
6:12:42 Tuesday May 12 65.1 10 10 28.52 83.33 10 10 21.31 70.36 0 0  0 0 0 0 0 1
6:14:13 Tuesday May 12 65.1 10 10 28.52 83.33 10 10 21.31 70.36 0 0  0 0 0 0 0 1
6:15:44 Tuesday May 12 65.1 10 10 28.52 83.33 10 10 21.33 70.39 0 0  0 0 0 0 0 1
6:17:15 Tuesday May 12 65.7 10 10 28.52 83.33 10 10 21.46 70.63 0 0  0 0 0 0 0 1
6:18:46 Tuesday May 12 65.7 10 10 28.52 83.33 10 10 21.46 70.63 0 0  0 0 0 0 0 1
6:20:17 Tuesday May 12 65.7 10 10 28.52 83.33 10 10 21.46 70.63 0 0  0 0 0 0 0 1
6:21:48 Tuesday May 12 65.1 10 10 28.52 83.33 10 10 21.33 70.39 0 0  0 0 0 0 0 1
6:23:19 Tuesday May 12 65.1 10 10 28.52 83.33 10 10 21.33 70.39 0 0  0 0 0 0 0 1
6:24:50 Tuesday May 12 65.1 10 10 28.52 83.33 10 10 21.33 70.39 0 0  0 0 0 0 0 1
6:26:21 Tuesday May 12 65.7 10 10 28.52 83.33 10 10 21.48 70.67 0 0  0 0 0 0 0 1
6:27:52 Tuesday May 12 65.7 10 10 28.52 83.33 10 10 21.48 70.67 0 0  0 0 0 0 0 1
6:29:23 Tuesday May 12 65.2 10 10 28.52 83.33 10 10 21.35 70.43 0 0  0 0 0 0 0 1
6:30:54 Tuesday May 12 65.4 10 10 28.52 83.33 10 10 21.39 70.50 0 0  0 0 0 0 0 1
6:32:25 Tuesday May 12 65.3 10 10 28.52 83.33 10 10 21.37 70.46 0 0  0 0 0 0 0 1
6:33:56 Tuesday May 12 65.9 10 10 28.52 83.33 10 10 21.52 70.74 0 0  0 0 0 0 0 1
6:35:27 Tuesday May 12 65.8 10 10 28.52 83.33 10 10 21.50 70.70 0 0  0 0 0 0 0 1
6:36:58 Tuesday May 12 65.3 10 10 28.52 83.33 10 10 21.37 70.46 0 0  0 0 0 0 0 1
6:38:29 Tuesday May 12 65.3 10 10 28.52 83.33 10 10 21.37 70.46 0 0  0 0 0 0 0 1
6:40:00 Tuesday May 12 65.3 10 10 28.52 83.33 10 10 21.37 70.46 0 0  0 0 0 0 0 1
6:41:31 Tuesday May 12 65.8 10 10 28.52 83.33 10 10 21.50 70.70 0 0  0 0 0 0 0 1
6:43:02 Tuesday May 12 65.8 10 10 28.52 83.33 10 10 21.50 70.70 0 0  0 0 0 0 0 1
6:44:33 Tuesday May 12 65.8 10 10 28.52 83.33 10 10 21.50 70.70 0 0  0 0 0 0 0 1
6:46:04 Tuesday May 12 65.3 10 10 28.52 83.33 10 10 21.37 70.46 0 0  0 0 0 0 0 1
6:47:35 Tuesday May 12 65.3 10 10 28.52 83.33 10 10 21.37 70.46 0 0  0 0 0 0 0 1
6:49:06 Tuesday May 12 65.2 10 10 28.52 83.33 10 10 21.35 70.43 0 0  0 0 0 0 0 1
6:50:37 Tuesday May 12 65.7 10 10 28.52 83.33 10 10 21.48 70.67 0 0  0 0 0 0 0 1
6:52:08 Tuesday May 12 65.7 10 10 28.52 83.33 10 10 21.48 70.67 0 0  0 0 0 0 0 1
6:53:39 Tuesday May 12 65.2 10 10 28.52 83.33 10 10 21.35 70.43 0 0  0 0 0 0 0 1
6:55:10 Tuesday May 12 65.3 10 10 28.52 83.33 10 10 21.37 70.46 0 0  0 0 0 0 0 1
6:56:41 Tuesday May 12 65.3 10 10 28.52 83.33 10 10 21.37 70.46 0 0  0 0 0 0 0 1
6:58:12 Tuesday May 12 65.7 10 10 28.52 83.33 10 10 21.48 70.67 0 0  0 0 0 0 0 1
6:59:43 Tuesday May 12 65.8 10 10 28.52 83.33 10 10 21.50 70.70 0 0  0 0 0 0 0 1
7:01:14 Tuesday May 12 65.3 10 10 28.52 83.33 10 10 21.37 70.46 0 0  0 0 0 0 0 1
7:02:45 Tuesday May 12 65.2 10 10 28.52 83.33 10 10 21.35 70.43 0 0  0 0 0 0 0 1
7:04:16 Tuesday May 12 65.3 10 10 28.52 83.33 10 10 21.37 70.46 0 0  0 0 0 0 0 1
7:05:47 Tuesday May 12 65.7 10 10 28.43 83.17 10 10 21.39 70.51 0 0  0 0 0 0 0 1
7:07:18 Tuesday May 12 65.7 10 10 28.52 83.33 10 10 21.48 70.67 0 0  0 0 0 0 0 1
7:08:49 Tuesday May 12 65.6 10 10 28.43 83.17 10 10 21.35 70.44 0 0  0 0 0 0 0 1
7:10:20 Tuesday May 12 65.1 10 10 28.52 83.33 10 10 21.33 70.39 0 0  0 0 0 0 0 1
7:11:51 Tuesday May 12 65.1 10 10 28.52 83.33 10 10 21.33 70.39 0 0  0 0 0 0 0 1
7:13:22 Tuesday May 12 65.1 10 10 28.52 83.33 10 10 21.33 70.39 0 0  0 0 0 0 0 1
7:14:53 Tuesday May 12 65.7 10 10 28.52 83.33 10 10 21.46 70.63 0 0  0 0 0 0 0 1
7:16:24 Tuesday May 12 65.7 10 10 28.43 83.17 10 10 21.39 70.51 0 0  0 0 0 0 0 1
7:17:55 Tuesday May 12 65.2 10 10 28.52 83.33 10 10 21.35 70.43 0 0  0 0 0 0 0 1
7:19:26 Tuesday May 12 65.3 10 10 28.52 83.33 10 10 21.37 70.46 0 0  0 0 0 0 0 1
7:20:57 Tuesday May 12 65.3 10 10 28.43 83.17 10 10 21.28 70.30 0 0  0 0 0 0 0 1
7:22:28 Tuesday May 12 65.8 10 10 28.52 83.33 10 10 21.50 70.70 0 0  0 0 0 0 0 1
7:23:59 Tuesday May 12 65.9 10 10 28.43 83.17 10 10 21.43 70.58 0 0  0 0 0 0 0 1
7:25:30 Tuesday May 12 65.6 10 10 28.43 83.17 10 10 21.35 70.44 0 0  0 0 0 0 0 1
7:27:01 Tuesday May 12 65.5 10 10 28.43 83.17 10 10 21.34 70.41 0 0  0 0 0 0 0 1
7:28:32 Tuesday May 12 65.5 10 10 28.43 83.17 10 10 21.34 70.41 0 0  0 0 0 0 0 1
7:30:03 Tuesday May 12 66.1 10 10 28.43 83.17 10 10 21.49 70.68 0 0  0 0 0 0 0 1
7:31:34 Tuesday May 12 66.2 10 10 28.43 83.17 10 10 21.51 70.71 0 0  0 0 0 0 0 1
7:33:05 Tuesday May 12 66.0 10 10 28.43 83.17 10 10 21.47 70.65 0 0  0 0 0 0 0 1
7:34:36 Tuesday May 12 65.5 10 10 28.43 83.17 10 10 21.34 70.41 0 0  0 0 0 0 0 1
7:36:07 Tuesday May 12 65.6 10 10 28.43 83.17 10 10 21.35 70.44 0 0  0 0 0 0 0 1
7:37:38 Tuesday May 12 65.5 10 10 28.43 83.17 10 10 21.34 70.41 0 0  0 0 0 0 0 1
7:39:09 Tuesday May 12 65.9 10 10 28.52 83.33 10 10 21.52 70.74 0 0  0 0 0 0 0 1
7:40:40 Tuesday May 12 65.7 10 10 28.43 83.17 10 10 21.37 70.48 0 0  0 0 0 0 0 1
7:42:11 Tuesday May 12 65.1 10 10 28.43 83.17 10 10 21.24 70.24 0 0  0 0 0 0 0 1
7:43:42 Tuesday May 12 64.8 10 10 28.43 83.17 10 10 21.16 70.10 0 0  0 0 0 0 0 1
7:45:13 Tuesday May 12 64.7 10 10 28.43 83.17 10 10 21.14 70.06 0 0  0 0 0 0 0 1
7:46:44 Tuesday May 12 65.3 10 10 28.43 83.17 10 10 21.28 70.30 0 0  0 0 0 0 0 1
7:48:15 Tuesday May 12 65.3 10 10 28.43 83.17 10 10 21.28 70.30 0 0  0 0 0 0 0 1
7:49:46 Tuesday May 12 64.7 10 10 28.43 83.17 10 10 21.13 70.03 0 0  0 0 0 0 0 1
7:51:17 Tuesday May 12 64.6 10 10 28.43 83.17 10 10 21.11 69.99 0 0  0 0 0 0 0 1
7:52:48 Tuesday May 12 64.4 10 10 28.43 83.17 10 10 21.07 69.93 0 0  0 0 0 0 0 1
7:54:19 Tuesday May 12 64.8 10 10 28.43 83.17 10 10 21.16 70.10 0 0  0 0 0 0 0 1
7:55:50 Tuesday May 12 64.8 10 10 28.43 83.17 10 10 21.16 70.10 0 0  0 0 0 0 0 1
7:57:21 Tuesday May 12 64.5 10 10 28.43 83.17 10 10 21.09 69.96 0 0  0 0 0 0 0 1
7:58:52 Tuesday May 12 63.9 10 10 28.43 83.17 10 10 20.93 69.68 0 0  0 0 0 0 0 1
8:00:23 Tuesday May 12 63.5 10 10 28.43 83.17 10 10 20.83 69.51 0 0  0 0 0 0 0 1
8:01:54 Tuesday May 12 63.5 10 10 28.43 83.17 10 10 20.83 69.51 0 0  0 0 0 0 0 1
8:03:25 Tuesday May 12 63.8 10 10 28.43 83.17 10 10 20.91 69.65 0 0  0 0 0 0 0 1
8:04:56 Tuesday May 12 63.4 10 10 28.43 83.17 10 10 20.80 69.44 0 0  0 0 0 0 0 1
8:06:27 Tuesday May 12 62.6 10 10 28.43 83.17 10 10 20.60 69.08 0 0  0 0 0 0 0 1
8:07:58 Tuesday May 12 62.7 10 10 28.43 83.17 10 10 20.62 69.12 0 0  0 0 0 0 0 1
8:09:29 Tuesday May 12 62.4 10 10 28.43 83.17 10 10 20.54 68.98 0 0  0 0 0 0 0 1
8:11:00 Tuesday May 12 62.8 10 10 28.43 83.17 10 10 20.66 69.19 0 0  0 0 0 0 0 1
8:12:31 Tuesday May 12 62.8 10 10 28.43 83.17 10 10 20.66 69.19 0 0  0 0 0 0 0 1
8:14:02 Tuesday May 12 62.4 10 10 28.43 83.17 10 10 20.54 68.98 0 0  0 0 0 0 0 1
8:15:33 Tuesday May 12 62.4 10 10 28.43 83.17 10 10 20.54 68.98 0 0  0 0 0 0 0 1
8:17:04 Tuesday May 12 62.5 10 10 28.43 83.17 10 10 20.56 69.01 0 0  0 0 0 0 0 1
8:18:35 Tuesday May 12 63.1 10 10 28.43 83.17 10 10 20.72 69.30 0 0  0 0 0 0 0 1
8:20:06 Tuesday May 12 63.1 10 10 28.43 83.17 10 10 20.72 69.30 0 0  0 0 0 0 0 1
8:21:37 Tuesday May 12 63.1 10 10 28.43 83.17 10 10 20.72 69.30 0 0  0 0 0 0 0 1
8:23:08 Tuesday May 12 62.6 10 10 28.43 83.17 10 10 20.60 69.08 0 0  0 0 0 0 0 1
8:24:39 Tuesday May 12 62.7 10 10 28.43 83.17 10 10 20.62 69.12 0 0  0 0 0 0 0 1
8:26:10 Tuesday May 12 62.7 10 10 28.43 83.17 10 10 20.62 69.12 0 0  0 0 0 0 0 1
8:27:41 Tuesday May 12 63.3 10 10 28.43 83.17 10 10 20.78 69.40 0 0  0 0 0 0 0 1
8:29:12 Tuesday May 12 63.3 10 10 28.43 83.17 10 10 20.78 69.40 0 0  0 0 0 0 0 1
8:30:43 Tuesday May 12 62.9 10 10 28.43 83.17 10 10 20.68 69.22 0 0  0 0 0 0 0 1
8:32:14 Tuesday May 12 62.9 10 10 28.43 83.17 10 10 20.68 69.22 0 0  0 0 0 0 0 1
8:33:45 Tuesday May 12 63.0 10 10 28.43 83.17 10 10 20.70 69.26 0 0  0 0 0 0 0 1
8:35:16 Tuesday May 12 63.5 10 10 28.43 83.17 10 10 20.82 69.47 0 0  0 0 0 0 0 1
8:36:47 Tuesday May 12 63.5 10 10 28.43 83.17 10 10 20.82 69.47 0 0  0 0 0 0 0 1
8:38:18 Tuesday May 12 62.9 10 10 28.43 83.17 10 10 20.68 69.22 0 0  0 0 0 0 0 1
8:39:49 Tuesday May 12 62.8 10 10 28.43 83.17 10 10 20.66 69.19 0 0  0 0 0 0 0 1
8:41:20 Tuesday May 12 62.8 10 10 28.43 83.17 10 10 20.66 69.19 0 0  0 0 0 0 0 1
8:42:51 Tuesday May 12 63.5 10 10 28.43 83.17 10 10 20.82 69.47 0 0  0 0 0 0 0 1
8:44:22 Tuesday May 12 63.4 10 10 28.43 83.17 10 10 20.80 69.44 0 0  0 0 0 0 0 1
8:45:53 Tuesday May 12 63.5 10 10 28.43 83.17 10 10 20.82 69.47 0 0  0 0 0 0 0 1
8:47:24 Tuesday May 12 63.1 10 10 28.43 83.17 10 10 20.74 69.33 0 0  0 0 0 0 0 1
8:48:55 Tuesday May 12 63.2 10 10 28.43 83.17 10 10 20.76 69.37 0 0  0 0 0 0 0 1
8:50:26 Tuesday May 12 63.5 10 10 28.43 83.17 10 10 20.83 69.51 0 0  0 0 0 0 0 1
8:51:57 Tuesday May 12 64.1 10 10 28.43 83.17 10 10 20.97 69.75 0 0  0 0 0 0 0 1
8:53:28 Tuesday May 12 64.2 10 10 28.43 83.17 10 10 21.01 69.82 0 0  0 0 0 0 0 1
8:54:59 Tuesday May 12 63.7 10 10 28.43 83.17 10 10 20.87 69.58 0 0  0 0 0 0 0 1
8:56:30 Tuesday May 12 63.8 10 10 28.43 83.17 10 10 20.89 69.61 0 0  0 0 0 0 0 1
8:58:01 Tuesday May 12 63.8 10 10 28.43 83.17 10 10 20.91 69.65 0 0  0 0 0 0 0 1
8:59:32 Tuesday May 12 64.4 10 10 28.43 83.17 10 10 21.05 69.89 0 0  0 0 0 0 0 1
9:01:03 Tuesday May 12 64.2 10 10 28.43 83.17 10 10 21.01 69.82 0 0  0 0 0 0 0 1
9:02:34 Tuesday May 12 63.1 10 10 28.43 83.17 10 10 20.74 69.33 0 0  0 0 0 0 0 1
9:04:05 Tuesday May 12 63.0 10 10 28.43 83.17 10 10 20.70 69.26 0 0  0 0 0 0 0 1
9:05:36 Tuesday May 12 62.8 10 10 28.43 83.17 10 10 20.64 69.15 0 0  0 0 0 0 0 1
9:07:07 Tuesday May 12 62.9 10 10 28.43 83.17 10 10 20.68 69.22 0 0  0 0 0 0 0 1
9:08:38 Tuesday May 12 62.7 10 10 28.43 83.17 10 10 20.62 69.12 0 0  0 0 0 0 0 1
9:10:09 Tuesday May 12 62.5 10 10 28.33 83.00 10 10 20.49 68.89 0 0  0 0 0 0 0 1
9:11:40 Tuesday May 12 62.1 10 10 28.33 83.00 10 10 20.37 68.68 0 0  0 0 0 0 0 1
9:13:11 Tuesday May 12 62.1 10 10 28.43 83.17 10 10 20.46 68.83 0 0  0 0 0 0 0 1
9:14:42 Tuesday May 12 62.2 10 10 28.43 83.17 10 10 20.50 68.90 0 0  0 0 0 0 0 1
9:16:13 Tuesday May 12 62.9 10 10 28.43 83.17 10 10 20.68 69.22 0 0  0 0 0 0 0 1
9:17:44 Tuesday May 12 63.1 10 10 28.43 83.17 10 10 20.74 69.33 0 0  0 0 0 0 0 1
9:19:15 Tuesday May 12 62.5 10 10 28.43 83.17 10 10 20.56 69.01 0 0  0 0 0 0 0 1
9:20:46 Tuesday May 12 61.6 10 10 28.43 83.17 10 10 20.34 68.62 0 0  0 0 0 0 0 1
9:22:17 Tuesday May 12 61.2 10 10 28.43 83.17 10 10 20.24 68.44 0 0  0 0 0 0 0 1
9:23:48 Tuesday May 12 61.7 10 10 28.33 83.00 10 10 20.27 68.50 0 0  0 0 0 0 0 1
9:25:19 Tuesday May 12 61.8 10 10 28.33 83.00 10 10 20.29 68.53 0 0  0 0 0 0 0 1
9:26:50 Tuesday May 12 61.2 10 10 28.33 83.00 10 10 20.15 68.28 0 0  0 0 0 0 0 1
9:28:21 Tuesday May 12 61.4 10 10 28.33 83.00 10 10 20.19 68.35 0 0  0 0 0 0 0 1
9:29:52 Tuesday May 12 61.4 10 10 28.33 83.00 10 10 20.19 68.35 0 0  0 0 0 0 0 1
9:31:23 Tuesday May 12 61.8 10 10 28.33 83.00 10 10 20.31 68.57 0 0  0 0 0 0 0 1
9:32:54 Tuesday May 12 61.5 10 10 28.33 83.00 10 10 20.23 68.42 0 0  0 0 0 0 0 1
9:34:25 Tuesday May 12 61.2 10 10 28.33 83.00 10 10 20.13 68.24 0 0  0 0 0 0 0 1
9:35:56 Tuesday May 12 60.4 10 10 28.33 83.00 10 10 19.93 67.88 0 0  0 0 0 0 0 1
9:37:27 Tuesday May 12 60.4 10 10 28.33 83.00 10 10 19.93 67.88 0 0  0 0 0 0 0 1
9:38:58 Tuesday May 12 60.4 10 10 28.33 83.00 10 10 19.93 67.88 0 0  0 0 0 0 0 1
9:40:29 Tuesday May 12 60.8 10 10 28.33 83.00 10 10 20.03 68.06 0 0  0 0 0 0 0 1
9:42:00 Tuesday May 12 60.8 10 10 28.33 83.00 10 10 20.03 68.06 0 0  0 0 0 0 0 1
9:43:31 Tuesday May 12 60.4 10 10 28.33 83.00 10 10 19.93 67.88 0 0  0 0 0 0 0 1
9:45:02 Tuesday May 12 60.5 10 10 28.33 83.00 10 10 19.95 67.91 0 0  0 0 0 0 0 1
9:46:33 Tuesday May 12 60.6 10 10 28.33 83.00 10 10 19.97 67.95 0 0  0 0 0 0 0 1
9:48:04 Tuesday May 12 61.4 10 10 28.33 83.00 10 10 20.19 68.35 0 0  0 0 0 0 0 1
9:49:35 Tuesday May 12 61.4 10 10 28.33 83.00 10 10 20.19 68.35 0 0  0 0 0 0 0 1
9:51:06 Tuesday May 12 60.9 10 10 28.33 83.00 10 10 20.07 68.13 0 0  0 0 0 0 0 1
9:52:37 Tuesday May 12 60.9 10 10 28.33 83.00 10 10 20.07 68.13 0 0  0 0 0 0 0 1
9:54:08 Tuesday May 12 60.8 10 10 28.33 83.00 10 10 20.03 68.06 0 0  0 0 0 0 0 1
9:55:39 Tuesday May 12 61.0 10 10 28.33 83.00 10 10 20.09 68.17 0 0  0 0 0 0 0 1
9:57:10 Tuesday May 12 61.0 10 10 28.33 83.00 10 10 20.09 68.17 0 0  0 0 0 0 0 1
9:58:41 Tuesday May 12 61.0 10 10 28.33 83.00 10 10 20.09 68.17 0 0  0 0 0 0 0 1
10:00:12 Tuesday May 12 60.9 10 10 28.33 83.00 10 10 20.05 68.10 0 0  0 0 0 0 0 1
10:01:43 Tuesday May 12 60.9 10 10 28.33 83.00 10 10 20.07 68.13 0 0  0 0 0 0 0 1
10:03:14 Tuesday May 12 61.5 10 10 28.33 83.00 10 10 20.23 68.42 0 0  0 0 0 0 0 1
10:04:45 Tuesday May 12 62.2 10 10 28.33 83.00 10 10 20.41 68.75 0 0  0 0 0 0 0 1
10:06:16 Tuesday May 12 62.6 10 10 28.33 83.00 10 10 20.51 68.92 0 0  0 0 0 0 0 1
10:07:47 Tuesday May 12 62.7 10 10 28.33 83.00 10 10 20.53 68.96 0 0  0 0 0 0 0 1
10:09:18 Tuesday May 12 63.0 10 10 28.33 83.00 10 10 20.61 69.10 0 0  0 0 0 0 0 1
10:10:49 Tuesday May 12 62.8 10 10 28.33 83.00 10 10 20.55 69.00 0 0  0 0 0 0 0 1
10:12:20 Tuesday May 12 63.2 10 10 28.33 83.00 10 10 20.67 69.21 0 0  0 0 0 0 0 1
10:13:51 Tuesday May 12 63.0 10 10 28.33 83.00 10 10 20.61 69.10 0 0  0 0 0 0 0 1
10:15:22 Tuesday May 12 62.4 10 10 28.33 83.00 10 10 20.45 68.82 0 0  0 0 0 0 0 1
10:16:53 Tuesday May 12 62.6 10 10 28.33 83.00 10 10 20.51 68.92 0 0  0 0 0 0 0 1
10:18:24 Tuesday May 12 62.7 10 10 28.33 83.00 10 10 20.53 68.96 0 0  0 0 0 0 0 1
10:19:55 Tuesday May 12 62.8 10 10 28.33 83.00 10 10 20.55 69.00 0 0  0 0 0 0 0 1
10:21:26 Tuesday May 12 63.3 10 10 28.33 83.00 10 10 20.69 69.24 0 0  0 0 0 0 0 1
10:22:57 Tuesday May 12 63.3 10 10 28.43 83.17 10 10 20.78 69.40 0 0  0 0 0 0 0 1
10:24:28 Tuesday May 12 62.7 10 10 28.33 83.00 10 10 20.53 68.96 0 0  0 0 0 0 0 1
10:25:59 Tuesday May 12 62.6 10 10 28.33 83.00 10 10 20.51 68.92 0 0  0 0 0 0 0 1
10:27:30 Tuesday May 12 62.6 10 10 28.43 83.17 10 10 20.60 69.08 0 0  0 0 0 0 0 1
10:29:01 Tuesday May 12 63.4 10 10 28.43 83.17 10 10 20.80 69.44 0 0  0 0 0 0 0 1
10:30:32 Tuesday May 12 63.4 10 10 28.43 83.17 10 10 20.80 69.44 0 0  0 0 0 0 0 1
10:32:03 Tuesday May 12 63.1 10 10 28.43 83.17 10 10 20.72 69.30 0 0  0 0 0 0 0 1
10:33:34 Tuesday May 12 63.1 10 10 28.43 83.17 10 10 20.72 69.30 0 0  0 0 0 0 0 1
10:35:05 Tuesday May 12 63.1 10 10 28.43 83.17 10 10 20.72 69.30 0 0  0 0 0 0 0 1
10:36:36 Tuesday May 12 63.5 10 10 28.43 83.17 10 10 20.82 69.47 0 0  0 0 0 0 0 1
10:38:07 Tuesday May 12 63.4 10 10 28.43 83.17 10 10 20.80 69.44 0 0  0 0 0 0 0 1
10:39:38 Tuesday May 12 62.8 10 10 28.43 83.17 10 10 20.64 69.15 0 0  0 0 0 0 0 1
10:41:09 Tuesday May 12 62.7 10 10 28.43 83.17 10 10 20.62 69.12 0 0  0 0 0 0 0 1
10:42:40 Tuesday May 12 62.2 10 10 28.43 83.17 10 10 20.50 68.90 0 0  0 0 0 0 0 1
10:44:11 Tuesday May 12 60.9 10 10 28.43 83.17 10 10 20.14 68.25 0 0  0 0 0 0 0 1
10:45:42 Tuesday May 12 60.7 10 10 28.43 83.17 10 10 20.10 68.18 0 0  0 0 0 0 0 1
10:47:13 Tuesday May 12 60.6 10 10 28.43 83.17 10 10 20.08 68.15 0 0  0 0 0 0 0 1
10:48:44 Tuesday May 12 59.8 10 10 28.43 83.17 10 10 19.85 67.74 0 0  0 0 0 0 0 1
10:50:15 Tuesday May 12 59.7 10 10 28.43 83.17 10 10 19.83 67.70 0 0  0 0 0 0 0 1
10:51:46 Tuesday May 12 60.1 10 10 28.43 83.17 10 10 19.94 67.89 0 0  0 0 0 0 0 1
10:53:17 Tuesday May 12 61.6 10 10 28.52 83.33 10 10 20.41 68.74 0 0  0 0 0 0 0 1
10:54:48 Tuesday May 12 61.9 10 10 28.52 83.33 10 10 20.51 68.92 0 0  0 0 0 0 0 1
10:56:19 Tuesday May 12 61.5 10 10 28.52 83.33 10 10 20.39 68.70 0 0  0 0 0 0 0 1
10:57:50 Tuesday May 12 61.3 10 10 28.52 83.33 10 10 20.35 68.63 0 0  0 0 0 0 0 1
10:59:21 Tuesday May 12 60.7 10 10 28.52 83.33 10 10 20.19 68.34 0 0  0 0 0 0 0 1
11:00:52 Tuesday May 12 61.1 10 10 28.52 83.33 10 10 20.29 68.52 0 0  0 0 0 0 0 1
11:02:23 Tuesday May 12 61.0 10 10 28.52 83.33 10 10 20.27 68.48 0 0  0 0 0 0 0 1
11:03:54 Tuesday May 12 60.4 10 10 28.52 83.33 10 10 20.10 68.19 0 0  0 0 0 0 0 1
11:05:25 Tuesday May 12 60.4 10 10 28.52 83.33 10 10 20.10 68.19 0 0  0 0 0 0 0 1
11:06:56 Tuesday May 12 60.8 10 10 28.52 83.33 10 10 20.21 68.38 0 0  0 0 0 0 0 1
11:08:27 Tuesday May 12 60.6 10 10 28.52 83.33 10 10 20.15 68.27 0 0  0 0 0 0 0 1
11:09:58 Tuesday May 12 60.0 10 10 28.52 83.33 10 10 20.00 68.01 0 0  0 0 0 0 0 1
11:11:29 Tuesday May 12 59.3 10 10 28.52 83.33 10 10 19.82 67.67 0 0  0 0 0 0 0 1
11:13:00 Tuesday May 12 58.2 10 10 28.61 83.50 10 10 19.59 67.27 0 0  0 0 0 0 0 1
11:14:31 Tuesday May 12 58.2 10 10 28.61 83.50 10 10 19.59 67.27 0 0  0 0 0 0 0 1
11:16:02 Tuesday May 12 58.6 10 10 28.52 83.33 10 10 19.61 67.30 0 0  0 0 0 0 0 1
11:17:33 Tuesday May 12 59.7 10 10 28.61 83.50 10 10 19.99 67.98 0 0  0 0 0 0 0 1
11:19:04 Tuesday May 12 60.0 10 10 28.61 83.50 10 10 20.07 68.13 0 0  0 0 0 0 0 1
11:20:35 Tuesday May 12 59.6 10 10 28.61 83.50 10 10 19.97 67.94 0 0  0 0 0 0 0 1
11:22:06 Tuesday May 12 59.7 10 10 28.61 83.50 10 10 19.99 67.98 0 0  0 0 0 0 0 1
11:23:37 Tuesday May 12 59.7 10 10 28.61 83.50 10 10 20.01 68.02 0 0  0 0 0 0 0 1
11:25:08 Tuesday May 12 60.1 10 10 28.61 83.50 10 10 20.11 68.20 0 0  0 0 0 0 0 1
11:26:39 Tuesday May 12 59.7 10 10 28.61 83.50 10 10 19.99 67.98 0 0  0 0 0 0 0 1
11:28:10 Tuesday May 12 59.0 10 10 28.61 83.50 10 10 19.80 67.64 0 0  0 0 0 0 0 1
11:29:41 Tuesday May 12 59.0 10 10 28.61 83.50 10 10 19.80 67.64 0 0  0 0 0 0 0 1
11:31:12 Tuesday May 12 58.9 10 10 28.61 83.50 10 10 19.78 67.61 0 0  0 0 0 0 0 1
11:32:43 Tuesday May 12 59.0 10 10 28.61 83.50 10 10 19.80 67.64 0 0  0 0 0 0 0 1
11:34:14 Tuesday May 12 59.5 10 10 28.61 83.50 10 10 19.95 67.91 0 0  0 0 0 0 0 1
11:35:45 Tuesday May 12 59.6 10 10 28.61 83.50 10 10 19.97 67.94 0 0  0 0 0 0 0 1
11:37:16 Tuesday May 12 59.0 10 10 28.61 83.50 10 10 19.82 67.68 0 0  0 0 0 0 0 1
11:38:47 Tuesday May 12 59.1 10 10 28.61 83.50 10 10 19.84 67.72 0 0  0 0 0 0 0 1
11:40:18 Tuesday May 12 59.2 10 10 28.61 83.50 10 10 19.86 67.76 0 0  0 0 0 0 0 1
11:41:49 Tuesday May 12 59.8 10 10 28.61 83.50 10 10 20.03 68.05 0 0  0 0 0 0 0 1
11:43:20 Tuesday May 12 59.8 10 10 28.70 83.66 10 10 20.12 68.21 0 0  0 0 0 0 0 1
11:44:51 Tuesday May 12 59.4 10 10 28.61 83.50 10 10 19.92 67.87 0 0  0 0 0 0 0 1
11:46:22 Tuesday May 12 59.5 10 10 28.70 83.66 10 10 20.03 68.06 0 0  0 0 0 0 0 1
11:47:53 Tuesday May 12 59.6 10 10 28.70 83.66 10 10 20.05 68.10 0 0  0 0 0 0 0 1
11:49:24 Tuesday May 12 60.2 10 10 28.70 83.66 10 10 20.22 68.40 0 0  0 0 0 0 0 1
11:50:55 Tuesday May 12 60.3 10 10 28.70 83.66 10 10 20.24 68.43 0 0  0 0 0 0 0 1
11:52:26 Tuesday May 12 59.8 10 10 28.70 83.66 10 10 20.12 68.21 0 0  0 0 0 0 0 1
11:53:57 Tuesday May 12 60.0 10 10 28.70 83.66 10 10 20.16 68.29 0 0  0 0 0 0 0 1
11:55:28 Tuesday May 12 60.0 10 10 28.70 83.66 10 10 20.16 68.29 0 0  0 0 0 0 0 1
11:56:59 Tuesday May 12 60.0 10 10 28.70 83.66 10 10 20.16 68.29 0 0  0 0 0 0 0 1
11:58:30 Tuesday May 12 60.6 10 10 28.70 83.66 10 10 20.32 68.58 0 0  0 0 0 0 0 1
12:00:01 Tuesday May 12 60.6 10 10 28.70 83.66 10 10 20.32 68.58 0 0  0 0 0 0 0 1
12:01:32 Tuesday May 12 60.0 10 10 28.70 83.66 10 10 20.16 68.29 0 0  0 0 0 0 0 1
12:03:03 Tuesday May 12 60.1 10 10 28.70 83.66 10 10 20.20 68.36 0 0  0 0 0 0 0 1
12:04:34 Tuesday May 12 60.1 10 10 28.70 83.66 10 10 20.20 68.36 0 0  0 0 0 0 0 1
12:06:05 Tuesday May 12 60.7 10 10 28.70 83.66 10 10 20.34 68.62 0 0  0 0 0 0 0 1
12:07:36 Tuesday May 12 60.7 10 10 28.70 83.66 10 10 20.34 68.62 0 0  0 0 0 0 0 1
12:09:07 Tuesday May 12 60.3 10 10 28.70 83.66 10 10 20.24 68.43 0 0  0 0 0 0 0 1
12:10:38 Tuesday May 12 60.3 10 10 28.70 83.66 10 10 20.24 68.43 0 0  0 0 0 0 0 1
12:12:09 Tuesday May 12 60.4 10 10 28.70 83.66 10 10 20.28 68.51 0 0  0 0 0 0 0 1
12:13:40 Tuesday May 12 61.0 10 10 28.70 83.66 10 10 20.44 68.80 0 0  0 0 0 0 0 1
12:15:11 Tuesday May 12 61.0 10 10 28.70 83.66 10 10 20.42 68.76 0 0  0 0 0 0 0 1
12:16:42 Tuesday May 12 60.5 10 10 28.70 83.66 10 10 20.30 68.54 0 0  0 0 0 0 0 1
12:18:13 Tuesday May 12 60.6 10 10 28.70 83.66 10 10 20.32 68.58 0 0  0 0 0 0 0 1
12:19:44 Tuesday May 12 60.6 10 10 28.70 83.66 10 10 20.32 68.58 0 0  0 0 0 0 0 1
12:21:15 Tuesday May 12 60.7 10 10 28.70 83.66 10 10 20.34 68.62 0 0  0 0 0 0 0 1
12:22:46 Tuesday May 12 61.2 10 10 28.79 83.83 10 10 20.57 69.03 0 0  0 0 0 0 0 1
12:24:17 Tuesday May 12 61.3 10 10 28.70 83.66 10 10 20.52 68.95 0 0  0 0 0 0 0 1
12:25:48 Tuesday May 12 60.9 10 10 28.70 83.66 10 10 20.40 68.73 0 0  0 0 0 0 0 1
12:27:19 Tuesday May 12 61.0 10 10 28.70 83.66 10 10 20.42 68.76 0 0  0 0 0 0 0 1
12:28:50 Tuesday May 12 61.1 10 10 28.79 83.83 10 10 20.55 68.99 0 0  0 0 0 0 0 1
12:30:21 Tuesday May 12 61.8 10 10 28.79 83.83 10 10 20.73 69.32 0 0  0 0 0 0 0 1
12:31:52 Tuesday May 12 61.8 10 10 28.79 83.83 10 10 20.73 69.32 0 0  0 0 0 0 0 1
12:33:23 Tuesday May 12 61.4 10 10 28.79 83.83 10 10 20.63 69.14 0 0  0 0 0 0 0 1
12:34:54 Tuesday May 12 61.5 10 10 28.70 83.66 10 10 20.56 69.02 0 0  0 0 0 0 0 1
12:36:25 Tuesday May 12 61.5 10 10 28.79 83.83 10 10 20.65 69.18 0 0  0 0 0 0 0 1
12:37:56 Tuesday May 12 62.0 10 10 28.79 83.83 10 10 20.79 69.43 0 0  0 0 0 0 0 1
12:39:27 Tuesday May 12 62.1 10 10 28.79 83.83 10 10 20.81 69.46 0 0  0 0 0 0 0 1
12:40:58 Tuesday May 12 61.7 10 10 28.79 83.83 10 10 20.71 69.28 0 0  0 0 0 0 0 1
12:42:29 Tuesday May 12 62.0 10 10 28.79 83.83 10 10 20.77 69.39 0 0  0 0 0 0 0 1
12:44:00 Tuesday May 12 62.2 10 10 28.79 83.83 10 10 20.83 69.50 0 0  0 0 0 0 0 1
12:45:31 Tuesday May 12 62.3 10 10 28.79 83.83 10 10 20.87 69.57 0 0  0 0 0 0 0 1
12:47:02 Tuesday May 12 62.9 10 10 28.79 83.83 10 10 21.03 69.86 0 0  0 0 0 0 0 1
12:48:33 Tuesday May 12 63.1 10 10 28.79 83.83 10 10 21.07 69.93 0 0  0 0 0 0 0 1
12:50:04 Tuesday May 12 62.7 10 10 28.79 83.83 10 10 20.97 69.75 0 0  0 0 0 0 0 1
12:51:35 Tuesday May 12 62.8 10 10 28.79 83.83 10 10 20.99 69.79 0 0  0 0 0 0 0 1
12:53:06 Tuesday May 12 62.9 10 10 28.79 83.83 10 10 21.03 69.86 0 0  0 0 0 0 0 1
12:54:37 Tuesday May 12 63.6 10 10 28.79 83.83 10 10 21.19 70.14 0 0  0 0 0 0 0 1
12:56:08 Tuesday May 12 63.6 10 10 28.79 83.83 10 10 21.19 70.14 0 0  0 0 0 0 0 1
12:57:39 Tuesday May 12 63.1 10 10 28.79 83.83 10 10 21.07 69.93 0 0  0 0 0 0 0 1
12:59:10 Tuesday May 12 63.1 10 10 28.79 83.83 10 10 21.07 69.93 0 0  0 0 0 0 0 1
13:00:41 Tuesday May 12 63.7 10 10 28.79 83.83 10 10 21.23 70.21 0 0  0 0 0 0 0 1
13:02:12 Tuesday May 12 64.1 10 10 28.79 83.83 10 10 21.32 70.39 0 0  0 0 0 0 0 1
13:03:43 Tuesday May 12 64.1 10 10 28.79 83.83 10 10 21.32 70.39 0 0  0 0 0 0 0 1
13:05:14 Tuesday May 12 63.6 10 10 28.79 83.83 10 10 21.21 70.18 0 0  0 0 0 0 0 1
13:06:45 Tuesday May 12 63.6 10 10 28.79 83.83 10 10 21.21 70.18 0 0  0 0 0 0 0 1
13:08:16 Tuesday May 12 63.4 10 10 28.79 83.83 10 10 21.15 70.07 0 0  0 0 0 0 0 1
13:09:47 Tuesday May 12 63.4 10 10 28.79 83.83 10 10 21.15 70.07 0 0  0 0 0 0 0 1
13:11:18 Tuesday May 12 63.9 10 10 28.88 83.99 10 10 21.37 70.47 0 0  0 0 0 0 0 1
13:12:49 Tuesday May 12 63.8 10 10 28.88 83.99 10 10 21.33 70.40 0 0  0 0 0 0 0 1
13:14:20 Tuesday May 12 63.3 10 10 28.88 83.99 10 10 21.20 70.16 0 0  0 0 0 0 0 1
13:15:51 Tuesday May 12 63.3 10 10 28.88 83.99 10 10 21.22 70.19 0 0  0 0 0 0 0 1
13:17:22 Tuesday May 12 63.4 10 10 28.88 83.99 10 10 21.24 70.23 0 0  0 0 0 0 0 1
13:18:53 Tuesday May 12 64.1 10 10 28.88 83.99 10 10 21.41 70.54 0 0  0 0 0 0 0 1
13:20:24 Tuesday May 12 64.1 10 10 28.88 83.99 10 10 21.41 70.54 0 0  0 0 0 0 0 1
13:21:55 Tuesday May 12 63.6 10 10 28.88 83.99 10 10 21.29 70.33 0 0  0 0 0 0 0 1
13:23:26 Tuesday May 12 63.6 10 10 28.88 83.99 10 10 21.29 70.33 0 0  0 0 0 0 0 1
13:24:57 Tuesday May 12 65.1 10 10 28.88 83.99 10 10 21.66 71.00 0 0  0 0 0 0 0 1
13:26:28 Tuesday May 12 64.2 10 10 28.88 83.99 10 10 21.45 70.61 0 0  0 0 0 0 0 1
13:27:59 Tuesday May 12 64.1 10 10 28.88 83.99 10 10 21.41 70.54 0 0  0 0 0 0 0 1
13:29:30 Tuesday May 12 63.6 10 10 28.88 83.99 10 10 21.27 70.30 0 0  0 0 0 0 0 1
13:31:01 Tuesday May 12 63.6 10 10 28.88 83.99 10 10 21.27 70.30 0 0  0 0 0 0 0 1
13:32:32 Tuesday May 12 63.6 10 10 28.88 83.99 10 10 21.27 70.30 0 0  0 0 0 0 0 1
13:34:03 Tuesday May 12 63.6 10 10 28.88 83.99 10 10 21.27 70.30 0 0  0 0 0 0 0 1
13:35:34 Tuesday May 12 64.0 10 10 28.98 84.16 10 10 21.48 70.67 0 0  0 0 0 0 0 1
13:37:05 Tuesday May 12 64.0 10 10 28.98 84.16 10 10 21.48 70.67 0 0  0 0 0 0 0 1
13:38:36 Tuesday May 12 63.4 10 10 28.98 84.16 10 10 21.32 70.39 0 0  0 0 0 0 0 1
13:40:07 Tuesday May 12 63.3 10 10 28.98 84.16 10 10 21.30 70.35 0 0  0 0 0 0 0 1
13:41:38 Tuesday May 12 63.3 10 10 28.98 84.16 10 10 21.28 70.32 0 0  0 0 0 0 0 1
13:43:09 Tuesday May 12 63.8 10 10 28.98 84.16 10 10 21.42 70.56 0 0  0 0 0 0 0 1
13:44:40 Tuesday May 12 63.8 10 10 28.98 84.16 10 10 21.42 70.56 0 0  0 0 0 0 0 1
13:46:11 Tuesday May 12 63.3 10 10 28.98 84.16 10 10 21.28 70.32 0 0  0 0 0 0 0 1
13:47:42 Tuesday May 12 63.3 10 10 28.98 84.16 10 10 21.28 70.32 0 0  0 0 0 0 0 1
13:49:13 Tuesday May 12 63.2 10 10 28.98 84.16 10 10 21.26 70.28 0 0  0 0 0 0 0 1
13:50:44 Tuesday May 12 63.7 10 10 28.98 84.16 10 10 21.40 70.53 0 0  0 0 0 0 0 1
13:52:15 Tuesday May 12 63.7 10 10 28.98 84.16 10 10 21.40 70.53 0 0  0 0 0 0 0 1
13:53:46 Tuesday May 12 63.2 10 10 28.98 84.16 10 10 21.26 70.28 0 0  0 0 0 0 0 1
13:55:17 Tuesday May 12 63.2 10 10 28.98 84.16 10 10 21.26 70.28 0 0  0 0 0 0 0 1
13:56:48 Tuesday May 12 63.3 10 10 28.98 84.16 10 10 21.28 70.32 0 0  0 0 0 0 0 1
13:58:19 Tuesday May 12 63.3 10 10 28.98 84.16 10 10 21.28 70.32 0 0  0 0 0 0 0 1
13:59:50 Tuesday May 12 63.8 10 10 28.98 84.16 10 10 21.42 70.56 0 0  0 0 0 0 0 1
14:01:21 Tuesday May 12 63.8 10 10 28.98 84.16 10 10 21.42 70.56 0 0  0 0 0 0 0 1
14:02:52 Tuesday May 12 63.2 10 10 28.98 84.16 10 10 21.26 70.28 0 0  0 0 0 0 0 1
14:04:23 Tuesday May 12 63.2 10 10 28.98 84.16 10 10 21.26 70.28 0 0  0 0 0 0 0 1
14:05:54 Tuesday May 12 63.2 10 10 28.98 84.16 10 10 21.26 70.28 0 0  0 0 0 0 0 1
14:07:25 Tuesday May 12 63.7 10 10 28.98 84.16 10 10 21.40 70.53 0 0  0 0 0 0 0 1
14:08:56 Tuesday May 12 63.7 10 10 28.98 84.16 10 10 21.40 70.53 0 0  0 0 0 0 0 1
14:10:27 Tuesday May 12 63.2 10 10 29.07 84.33 10 10 21.35 70.44 0 0  0 0 0 0 0 1
14:11:58 Tuesday May 12 63.2 10 10 29.07 84.33 10 10 21.35 70.44 0 0  0 0 0 0 0 1
14:13:29 Tuesday May 12 63.2 10 10 28.98 84.16 10 10 21.26 70.28 0 0  0 0 0 0 0 1
14:15:00 Tuesday May 12 63.7 10 10 28.98 84.16 10 10 21.40 70.53 0 0  0 0 0 0 0 1
14:16:31 Tuesday May 12 63.6 10 10 28.98 84.16 10 10 21.38 70.49 0 0  0 0 0 0 0 1
14:18:02 Tuesday May 12 63.1 10 10 29.07 84.33 10 10 21.33 70.40 0 0  0 0 0 0 0 1
14:19:33 Tuesday May 12 63.1 10 10 29.07 84.33 10 10 21.33 70.40 0 0  0 0 0 0 0 1
14:21:04 Tuesday May 12 63.1 10 10 29.07 84.33 10 10 21.33 70.40 0 0  0 0 0 0 0 1
14:22:35 Tuesday May 12 63.2 10 10 29.07 84.33 10 10 21.35 70.44 0 0  0 0 0 0 0 1
14:24:06 Tuesday May 12 63.7 10 10 29.07 84.33 10 10 21.49 70.69 0 0  0 0 0 0 0 1
14:25:37 Tuesday May 12 63.6 10 10 29.07 84.33 10 10 21.47 70.65 0 0  0 0 0 0 0 1
14:27:08 Tuesday May 12 63.1 10 10 29.07 84.33 10 10 21.33 70.40 0 0  0 0 0 0 0 1
14:28:39 Tuesday May 12 63.1 10 10 29.07 84.33 10 10 21.33 70.40 0 0  0 0 0 0 0 1
14:30:10 Tuesday May 12 63.1 10 10 29.07 84.33 10 10 21.33 70.40 0 0  0 0 0 0 0 1
14:31:41 Tuesday May 12 63.6 10 10 29.07 84.33 10 10 21.47 70.65 0 0  0 0 0 0 0 1
14:33:12 Tuesday May 12 63.6 10 10 29.07 84.33 10 10 21.47 70.65 0 0  0 0 0 0 0 1
14:34:43 Tuesday May 12 63.1 10 10 29.07 84.33 10 10 21.33 70.40 0 0  0 0 0 0 0 1
14:36:14 Tuesday May 12 63.1 10 10 29.07 84.33 10 10 21.33 70.40 0 0  0 0 0 0 0 1
14:37:45 Tuesday May 12 63.2 10 10 29.07 84.33 10 10 21.35 70.44 0 0  0 0 0 0 0 1
14:39:16 Tuesday May 12 63.6 10 10 29.07 84.33 10 10 21.47 70.65 0 0  0 0 0 0 0 1
14:40:47 Tuesday May 12 63.6 10 10 29.07 84.33 10 10 21.47 70.65 0 0  0 0 0 0 0 1
14:42:18 Tuesday May 12 63.1 10 10 29.07 84.33 10 10 21.33 70.40 0 0  0 0 0 0 0 1
14:43:49 Tuesday May 12 63.1 10 10 29.07 84.33 10 10 21.33 70.40 0 0  0 0 0 0 0 1
14:45:20 Tuesday May 12 63.1 10 10 29.07 84.33 10 10 21.33 70.40 0 0  0 0 0 0 0 1
14:46:51 Tuesday May 12 63.1 10 10 29.07 84.33 10 10 21.33 70.40 0 0  0 0 0 0 0 1
14:48:22 Tuesday May 12 63.6 10 10 29.07 84.33 10 10 21.47 70.65 0 0  0 0 0 0 0 1
14:49:53 Tuesday May 12 63.6 10 10 29.07 84.33 10 10 21.45 70.62 0 0  0 0 0 0 0 1
14:51:24 Tuesday May 12 63.1 10 10 29.07 84.33 10 10 21.33 70.40 0 0  0 0 0 0 0 1
14:52:55 Tuesday May 12 63.1 10 10 29.07 84.33 10 10 21.33 70.40 0 0  0 0 0 0 0 1
14:54:26 Tuesday May 12 63.1 10 10 29.07 84.33 10 10 21.33 70.40 0 0  0 0 0 0 0 1
14:55:57 Tuesday May 12 63.7 10 10 29.07 84.33 10 10 21.49 70.69 0 0  0 0 0 0 0 1
14:57:28 Tuesday May 12 63.6 10 10 29.07 84.33 10 10 21.47 70.65 0 0  0 0 0 0 0 1
14:58:59 Tuesday May 12 63.2 10 10 29.07 84.33 10 10 21.35 70.44 0 0  0 0 0 0 0 1
15:00:30 Tuesday May 12 63.1 10 10 29.07 84.33 10 10 21.33 70.40 0 0  0 0 0 0 0 1
15:02:01 Tuesday May 12 63.2 10 10 29.07 84.33 10 10 21.35 70.44 0 0  0 0 0 0 0 1
15:03:32 Tuesday May 12 63.6 10 10 29.07 84.33 10 10 21.47 70.65 0 0  0 0 0 0 0 1
15:05:03 Tuesday May 12 63.6 10 10 29.07 84.33 10 10 21.47 70.65 0 0  0 0 0 0 0 1
15:06:34 Tuesday May 12 63.2 10 10 29.07 84.33 10 10 21.35 70.44 0 0  0 0 0 0 0 1
15:08:05 Tuesday May 12 63.2 10 10 29.07 84.33 10 10 21.35 70.44 0 0  0 0 0 0 0 1
15:09:36 Tuesday May 12 63.2 10 10 29.07 84.33 10 10 21.35 70.44 0 0  0 0 0 0 0 1
15:11:07 Tuesday May 12 63.1 10 10 29.07 84.33 10 10 21.33 70.40 0 0  0 0 0 0 0 1
15:12:38 Tuesday May 12 63.6 10 10 29.07 84.33 10 10 21.45 70.62 0 0  0 0 0 0 0 1
15:14:09 Tuesday May 12 63.6 10 10 29.07 84.33 10 10 21.45 70.62 0 0  0 0 0 0 0 1
15:15:40 Tuesday May 12 63.0 10 10 29.07 84.33 10 10 21.31 70.37 0 0  0 0 0 0 0 1
15:17:11 Tuesday May 12 63.0 10 10 29.07 84.33 10 10 21.31 70.37 0 0  0 0 0 0 0 1
15:18:42 Tuesday May 12 62.9 10 10 29.07 84.33 10 10 21.27 70.30 0 0  0 0 0 0 0 1
15:20:13 Tuesday May 12 63.3 10 10 29.07 84.33 10 10 21.39 70.51 0 0  0 0 0 0 0 1
15:21:44 Tuesday May 12 63.3 10 10 29.07 84.33 10 10 21.37 70.48 0 0  0 0 0 0 0 1
15:23:15 Tuesday May 12 62.7 10 10 29.07 84.33 10 10 21.23 70.23 0 0  0 0 0 0 0 1
15:24:46 Tuesday May 12 62.7 10 10 29.07 84.33 10 10 21.23 70.23 0 0  0 0 0 0 0 1
15:26:17 Tuesday May 12 62.6 10 10 29.07 84.33 10 10 21.19 70.15 0 0  0 0 0 0 0 1
15:27:48 Tuesday May 12 63.0 10 10 29.07 84.33 10 10 21.31 70.37 0 0  0 0 0 0 0 1
15:29:19 Tuesday May 12 63.0 10 10 29.07 84.33 10 10 21.31 70.37 0 0  0 0 0 0 0 1
15:30:50 Tuesday May 12 62.5 10 10 29.07 84.33 10 10 21.18 70.12 0 0  0 0 0 0 0 1
15:32:21 Tuesday May 12 62.4 10 10 29.07 84.33 10 10 21.14 70.05 0 0  0 0 0 0 0 1
15:33:52 Tuesday May 12 62.4 10 10 29.07 84.33 10 10 21.14 70.05 0 0  0 0 0 0 0 1
15:35:23 Tuesday May 12 62.3 10 10 29.07 84.33 10 10 21.12 70.01 0 0  0 0 0 0 0 1
15:36:54 Tuesday May 12 62.7 10 10 29.07 84.33 10 10 21.21 70.19 0 0  0 0 0 0 0 1
15:38:25 Tuesday May 12 62.6 10 10 29.07 84.33 10 10 21.19 70.15 0 0  0 0 0 0 0 1
15:39:56 Tuesday May 12 62.0 10 10 29.07 84.33 10 10 21.06 69.90 0 0  0 0 0 0 0 1
15:41:27 Tuesday May 12 61.9 10 10 29.07 84.33 10 10 21.02 69.83 0 0  0 0 0 0 0 1
15:42:58 Tuesday May 12 61.7 10 10 29.07 84.33 10 10 20.98 69.76 0 0  0 0 0 0 0 1
15:44:29 Tuesday May 12 62.1 10 10 29.07 84.33 10 10 21.08 69.94 0 0  0 0 0 0 0 1
15:46:00 Tuesday May 12 62.1 10 10 29.07 84.33 10 10 21.08 69.94 0 0  0 0 0 0 0 1
15:47:31 Tuesday May 12 61.6 10 10 29.07 84.33 10 10 20.93 69.69 0 0  0 0 0 0 0 1
15:49:02 Tuesday May 12 61.6 10 10 29.16 84.49 10 10 21.02 69.85 0 0  0 0 0 0 0 1
15:50:33 Tuesday May 12 61.5 10 10 29.07 84.33 10 10 20.91 69.65 0 0  0 0 0 0 0 1
15:52:04 Tuesday May 12 62.0 10 10 29.07 84.33 10 10 21.06 69.90 0 0  0 0 0 0 0 1
15:53:35 Tuesday May 12 62.0 10 10 29.07 84.33 10 10 21.04 69.87 0 0  0 0 0 0 0 1
15:55:06 Tuesday May 12 61.4 10 10 29.07 84.33 10 10 20.89 69.61 0 0  0 0 0 0 0 1
15:56:37 Tuesday May 12 61.4 10 10 29.07 84.33 10 10 20.87 69.58 0 0  0 0 0 0 0 1
15:58:08 Tuesday May 12 61.4 10 10 29.16 84.49 10 10 20.96 69.74 0 0  0 0 0 0 0 1
15:59:39 Tuesday May 12 61.3 10 10 29.07 84.33 10 10 20.85 69.54 0 0  0 0 0 0 0 1
16:01:10 Tuesday May 12 61.7 10 10 29.07 84.33 10 10 20.98 69.76 0 0  0 0 0 0 0 1
16:02:41 Tuesday May 12 61.7 10 10 29.16 84.49 10 10 21.04 69.88 0 0  0 0 0 0 0 1
16:04:12 Tuesday May 12 61.1 10 10 29.16 84.49 10 10 20.90 69.63 0 0  0 0 0 0 0 1
16:05:43 Tuesday May 12 61.1 10 10 29.16 84.49 10 10 20.90 69.63 0 0  0 0 0 0 0 1
16:07:14 Tuesday May 12 61.1 10 10 29.16 84.49 10 10 20.88 69.59 0 0  0 0 0 0 0 1
16:08:45 Tuesday May 12 61.6 10 10 29.16 84.49 10 10 21.02 69.85 0 0  0 0 0 0 0 1
16:10:16 Tuesday May 12 61.6 10 10 29.07 84.33 10 10 20.93 69.69 0 0  0 0 0 0 0 1
16:11:47 Tuesday May 12 61.1 10 10 29.07 84.33 10 10 20.79 69.43 0 0  0 0 0 0 0 1
16:13:18 Tuesday May 12 61.1 10 10 29.07 84.33 10 10 20.79 69.43 0 0  0 0 0 0 0 1
16:14:49 Tuesday May 12 61.0 10 10 29.16 84.49 10 10 20.86 69.55 0 0  0 0 0 0 0 1
16:16:20 Tuesday May 12 61.5 10 10 29.16 84.49 10 10 21.00 69.81 0 0  0 0 0 0 0 1
16:17:51 Tuesday May 12 61.5 10 10 29.07 84.33 10 10 20.91 69.65 0 0  0 0 0 0 0 1
16:19:22 Tuesday May 12 61.1 10 10 29.07 84.33 10 10 20.79 69.43 0 0  0 0 0 0 0 1
16:20:53 Tuesday May 12 61.0 10 10 29.16 84.49 10 10 20.86 69.55 0 0  0 0 0 0 0 1
16:22:24 Tuesday May 12 61.0 10 10 29.07 84.33 10 10 20.77 69.40 0 0  0 0 0 0 0 1
16:23:55 Tuesday May 12 60.9 10 10 29.07 84.33 10 10 20.75 69.36 0 0  0 0 0 0 0 1
16:25:26 Tuesday May 12 61.4 10 10 29.07 84.33 10 10 20.87 69.58 0 0  0 0 0 0 0 1
16:26:57 Tuesday May 12 61.2 10 10 29.07 84.33 10 10 20.83 69.50 0 0  0 0 0 0 0 1
16:28:28 Tuesday May 12 60.8 10 10 29.16 84.49 10 10 20.80 69.44 0 0  0 0 0 0 0 1
16:29:59 Tuesday May 12 60.8 10 10 29.16 84.49 10 10 20.80 69.44 0 0  0 0 0 0 0 1
16:31:30 Tuesday May 12 60.8 10 10 29.16 84.49 10 10 20.80 69.44 0 0  0 0 0 0 0 1
16:33:01 Tuesday May 12 61.3 10 10 29.16 84.49 10 10 20.94 69.70 0 0  0 0 0 0 0 1
16:34:32 Tuesday May 12 61.2 10 10 29.07 84.33 10 10 20.83 69.50 0 0  0 0 0 0 0 1
16:36:03 Tuesday May 12 60.8 10 10 29.16 84.49 10 10 20.80 69.44 0 0  0 0 0 0 0 1
16:37:34 Tuesday May 12 60.7 10 10 29.07 84.33 10 10 20.69 69.25 0 0  0 0 0 0 0 1
16:39:05 Tuesday May 12 60.7 10 10 29.07 84.33 10 10 20.69 69.25 0 0  0 0 0 0 0 1
16:40:36 Tuesday May 12 61.1 10 10 29.07 84.33 10 10 20.81 69.47 0 0  0 0 0 0 0 1
16:42:07 Tuesday May 12 61.2 10 10 29.07 84.33 10 10 20.83 69.50 0 0  0 0 0 0 0 1
16:43:38 Tuesday May 12 60.6 10 10 29.07 84.33 10 10 20.67 69.21 0 0  0 0 0 0 0 1
16:45:09 Tuesday May 12 60.5 10 10 29.07 84.33 10 10 20.65 69.18 0 0  0 0 0 0 0 1
16:46:40 Tuesday May 12 60.4 10 10 29.07 84.33 10 10 20.63 69.14 0 0  0 0 0 0 0 1
16:48:11 Tuesday May 12 60.5 10 10 29.16 84.49 10 10 20.72 69.30 0 0  0 0 0 0 0 1
16:49:42 Tuesday May 12 61.0 10 10 29.07 84.33 10 10 20.77 69.40 0 0  0 0 0 0 0 1
16:51:13 Tuesday May 12 60.9 10 10 29.07 84.33 10 10 20.75 69.36 0 0  0 0 0 0 0 1
16:52:44 Tuesday May 12 60.4 10 10 29.16 84.49 10 10 20.70 69.26 0 0  0 0 0 0 0 1
16:54:15 Tuesday May 12 60.4 10 10 29.16 84.49 10 10 20.70 69.26 0 0  0 0 0 0 0 1
16:55:46 Tuesday May 12 60.4 10 10 29.16 84.49 10 10 20.70 69.26 0 0  0 0 0 0 0 1
16:57:17 Tuesday May 12 60.9 10 10 29.16 84.49 10 10 20.84 69.52 0 0  0 0 0 0 0 1
16:58:48 Tuesday May 12 60.9 10 10 29.16 84.49 10 10 20.84 69.52 0 0  0 0 0 0 0 1
17:00:19 Tuesday May 12 60.4 10 10 29.16 84.49 10 10 20.70 69.26 0 0  0 0 0 0 0 1
17:01:50 Tuesday May 12 60.4 10 10 29.16 84.49 10 10 20.70 69.26 0 0  0 0 0 0 0 1
17:03:21 Tuesday May 12 60.4 10 10 29.07 84.33 10 10 20.63 69.14 0 0  0 0 0 0 0 1
17:04:52 Tuesday May 12 60.9 10 10 29.07 84.33 10 10 20.75 69.36 0 0  0 0 0 0 0 1
17:06:23 Tuesday May 12 60.9 10 10 29.16 84.49 10 10 20.84 69.52 0 0  0 0 0 0 0 1
17:07:54 Tuesday May 12 60.4 10 10 29.07 84.33 10 10 20.63 69.14 0 0  0 0 0 0 0 1
17:09:25 Tuesday May 12 60.4 10 10 29.16 84.49 10 10 20.70 69.26 0 0  0 0 0 0 0 1
17:10:56 Tuesday May 12 60.4 10 10 29.07 84.33 10 10 20.61 69.10 0 0  0 0 0 0 0 1
17:12:27 Tuesday May 12 60.4 10 10 29.07 84.33 10 10 20.61 69.10 0 0  0 0 0 0 0 1
17:13:58 Tuesday May 12 60.8 10 10 29.07 84.33 10 10 20.73 69.32 0 0  0 0 0 0 0 1
17:15:29 Tuesday May 12 60.8 10 10 29.16 84.49 10 10 20.80 69.44 0 0  0 0 0 0 0 1
17:17:00 Tuesday May 12 60.3 10 10 29.07 84.33 10 10 20.59 69.06 0 0  0 0 0 0 0 1
17:18:31 Tuesday May 12 60.2 10 10 29.16 84.49 10 10 20.66 69.19 0 0  0 0 0 0 0 1
17:20:02 Tuesday May 12 60.2 10 10 29.07 84.33 10 10 20.57 69.03 0 0  0 0 0 0 0 1
17:21:33 Tuesday May 12 60.8 10 10 29.07 84.33 10 10 20.71 69.29 0 0  0 0 0 0 0 1
17:23:04 Tuesday May 12 60.7 10 10 29.16 84.49 10 10 20.78 69.41 0 0  0 0 0 0 0 1
17:24:35 Tuesday May 12 60.1 10 10 29.07 84.33 10 10 20.55 68.99 0 0  0 0 0 0 0 1
17:26:06 Tuesday May 12 60.1 10 10 29.07 84.33 10 10 20.55 68.99 0 0  0 0 0 0 0 1
17:27:37 Tuesday May 12 60.1 10 10 29.07 84.33 10 10 20.55 68.99 0 0  0 0 0 0 0 1
17:29:08 Tuesday May 12 60.7 10 10 29.07 84.33 10 10 20.69 69.25 0 0  0 0 0 0 0 1
17:30:39 Tuesday May 12 60.7 10 10 29.07 84.33 10 10 20.69 69.25 0 0  0 0 0 0 0 1
17:32:10 Tuesday May 12 60.2 10 10 29.07 84.33 10 10 20.57 69.03 0 0  0 0 0 0 0 1
17:33:41 Tuesday May 12 60.2 10 10 29.07 84.33 10 10 20.57 69.03 0 0  0 0 0 0 0 1
17:35:12 Tuesday May 12 60.1 10 10 29.07 84.33 10 10 20.55 68.99 0 0  0 0 0 0 0 1
17:36:43 Tuesday May 12 60.1 10 10 29.07 84.33 10 10 20.55 68.99 0 0  0 0 0 0 0 1
17:38:14 Tuesday May 12 60.6 10 10 29.07 84.33 10 10 20.67 69.21 0 0  0 0 0 0 0 1
17:39:45 Tuesday May 12 60.6 10 10 29.07 84.33 10 10 20.67 69.21 0 0  0 0 0 0 0 1
17:41:16 Tuesday May 12 60.1 10 10 29.07 84.33 10 10 20.55 68.99 0 0  0 0 0 0 0 1
17:42:47 Tuesday May 12 60.1 10 10 29.07 84.33 10 10 20.53 68.95 0 0  0 0 0 0 0 1
17:44:18 Tuesday May 12 60.1 10 10 29.07 84.33 10 10 20.53 68.95 0 0  0 0 0 0 0 1
17:45:49 Tuesday May 12 60.6 10 10 29.07 84.33 10 10 20.67 69.21 0 0  0 0 0 0 0 1
17:47:20 Tuesday May 12 60.5 10 10 29.07 84.33 10 10 20.65 69.18 0 0  0 0 0 0 0 1
17:48:51 Tuesday May 12 60.0 10 10 29.07 84.33 10 10 20.51 68.92 0 0  0 0 0 0 0 1
17:50:22 Tuesday May 12 60.0 10 10 29.07 84.33 10 10 20.51 68.92 0 0  0 0 0 0 0 1
17:51:53 Tuesday May 12 60.0 10 10 29.07 84.33 10 10 20.51 68.92 0 0  0 0 0 0 0 1
17:53:24 Tuesday May 12 60.5 10 10 29.07 84.33 10 10 20.65 69.18 0 0  0 0 0 0 0 1
17:54:55 Tuesday May 12 60.5 10 10 29.07 84.33 10 10 20.65 69.18 0 0  0 0 0 0 0 1
17:56:26 Tuesday May 12 60.0 10 10 29.07 84.33 10 10 20.51 68.92 0 0  0 0 0 0 0 1
17:57:57 Tuesday May 12 60.1 10 10 29.07 84.33 10 10 20.53 68.95 0 0  0 0 0 0 0 1
17:59:28 Tuesday May 12 60.0 10 10 29.07 84.33 10 10 20.51 68.92 0 0  0 0 0 0 0 1
18:00:59 Tuesday May 12 60.1 10 10 29.07 84.33 10 10 20.53 68.95 0 0  0 0 0 0 0 1
18:02:30 Tuesday May 12 60.5 10 10 29.07 84.33 10 10 20.65 69.18 0 0  0 0 0 0 0 1
18:04:01 Tuesday May 12 60.5 10 10 29.07 84.33 10 10 20.65 69.18 0 0  0 0 0 0 0 1
18:05:32 Tuesday May 12 60.0 10 10 29.07 84.33 10 10 20.51 68.92 0 0  0 0 0 0 0 1
18:07:03 Tuesday May 12 60.1 10 10 29.07 84.33 10 10 20.53 68.95 0 0  0 0 0 0 0 1
18:08:34 Tuesday May 12 60.1 10 10 29.07 84.33 10 10 20.53 68.95 0 0  0 0 0 0 0 1
18:10:05 Tuesday May 12 60.6 10 10 29.07 84.33 10 10 20.67 69.21 0 0  0 0 0 0 0 1
18:11:36 Tuesday May 12 60.6 10 10 29.07 84.33 10 10 20.67 69.21 0 0  0 0 0 0 0 1
18:13:07 Tuesday May 12 60.1 10 10 29.07 84.33 10 10 20.55 68.99 0 0  0 0 0 0 0 1
18:14:38 Tuesday May 12 60.1 10 10 29.07 84.33 10 10 20.55 68.99 0 0  0 0 0 0 0 1
18:16:09 Tuesday May 12 60.1 10 10 29.07 84.33 10 10 20.55 68.99 0 0  0 0 0 0 0 1
18:17:40 Tuesday May 12 60.7 10 10 29.07 84.33 10 10 20.69 69.25 0 0  0 0 0 0 0 1
18:19:11 Tuesday May 12 60.7 10 10 29.07 84.33 10 10 20.69 69.25 0 0  0 0 0 0 0 1
18:20:42 Tuesday May 12 60.2 10 10 29.07 84.33 10 10 20.57 69.03 0 0  0 0 0 0 0 1
18:22:13 Tuesday May 12 60.2 10 10 29.07 84.33 10 10 20.57 69.03 0 0  0 0 0 0 0 1
18:23:44 Tuesday May 12 60.1 10 10 29.07 84.33 10 10 20.55 68.99 0 0  0 0 0 0 0 1
18:25:15 Tuesday May 12 60.2 10 10 29.07 84.33 10 10 20.57 69.03 0 0  0 0 0 0 0 1
18:26:46 Tuesday May 12 60.8 10 10 29.07 84.33 10 10 20.71 69.29 0 0  0 0 0 0 0 1
18:28:17 Tuesday May 12 60.8 10 10 29.07 84.33 10 10 20.71 69.29 0 0  0 0 0 0 0 1
18:29:48 Tuesday May 12 60.2 10 10 29.07 84.33 10 10 20.57 69.03 0 0  0 0 0 0 0 1
18:31:19 Tuesday May 12 60.2 10 10 29.07 84.33 10 10 20.57 69.03 0 0  0 0 0 0 0 1
18:32:50 Tuesday May 12 60.2 10 10 29.07 84.33 10 10 20.57 69.03 0 0  0 0 0 0 0 1
18:34:21 Tuesday May 12 60.8 10 10 29.07 84.33 10 10 20.71 69.29 0 0  0 0 0 0 0 1
18:35:52 Tuesday May 12 60.8 10 10 29.07 84.33 10 10 20.71 69.29 0 0  0 0 0 0 0 1
18:37:23 Tuesday May 12 60.2 10 10 29.07 84.33 10 10 20.57 69.03 0 0  0 0 0 0 0 1
18:38:54 Tuesday May 12 60.3 10 10 29.07 84.33 10 10 20.59 69.06 0 0  0 0 0 0 0 1
18:40:25 Tuesday May 12 60.3 10 10 29.07 84.33 10 10 20.59 69.06 0 0  0 0 0 0 0 1
18:41:56 Tuesday May 12 60.8 10 10 29.07 84.33 10 10 20.71 69.29 0 0  0 0 0 0 0 1
18:43:27 Tuesday May 12 60.7 10 10 28.98 84.16 10 10 20.62 69.13 0 0  0 0 0 0 0 1
18:44:58 Tuesday May 12 60.3 10 10 29.07 84.33 10 10 20.59 69.06 0 0  0 0 0 0 0 1
18:46:29 Tuesday May 12 60.3 10 10 29.07 84.33 10 10 20.59 69.06 0 0  0 0 0 0 0 1
18:48:00 Tuesday May 12 60.3 10 10 29.07 84.33 10 10 20.59 69.06 0 0  0 0 0 0 0 1
18:49:31 Tuesday May 12 60.3 10 10 28.98 84.16 10 10 20.50 68.91 0 0  0 0 0 0 0 1
18:51:02 Tuesday May 12 60.8 10 10 29.07 84.33 10 10 20.71 69.29 0 0  0 0 0 0 0 1
18:52:33 Tuesday May 12 60.8 10 10 29.07 84.33 10 10 20.71 69.29 0 0  0 0 0 0 0 1
18:54:04 Tuesday May 12 60.3 10 10 28.98 84.16 10 10 20.50 68.91 0 0  0 0 0 0 0 1
18:55:35 Tuesday May 12 60.3 10 10 29.07 84.33 10 10 20.59 69.06 0 0  0 0 0 0 0 1
18:57:06 Tuesday May 12 60.3 10 10 29.07 84.33 10 10 20.59 69.06 0 0  0 0 0 0 0 1
18:58:37 Tuesday May 12 60.9 10 10 28.98 84.16 10 10 20.66 69.20 0 0  0 0 0 0 0 1
19:00:08 Tuesday May 12 60.9 10 10 29.07 84.33 10 10 20.75 69.36 0 0  0 0 0 0 0 1
19:01:39 Tuesday May 12 60.4 10 10 28.98 84.16 10 10 20.54 68.98 0 0  0 0 0 0 0 1
19:03:10 Tuesday May 12 60.4 10 10 28.98 84.16 10 10 20.54 68.98 0 0  0 0 0 0 0 1
19:04:41 Tuesday May 12 60.4 10 10 28.98 84.16 10 10 20.54 68.98 0 0  0 0 0 0 0 1
19:06:12 Tuesday May 12 60.9 10 10 28.98 84.16 10 10 20.66 69.20 0 0  0 0 0 0 0 1
19:07:43 Tuesday May 12 61.0 10 10 28.98 84.16 10 10 20.69 69.24 0 0  0 0 0 0 0 1
19:09:14 Tuesday May 12 60.1 10 10 28.98 84.16 10 10 20.44 68.80 0 0  0 0 0 0 0 1
19:10:45 Tuesday May 12 60.0 10 10 28.98 84.16 10 10 20.42 68.76 0 0  0 0 0 0 0 1
19:12:16 Tuesday May 12 59.9 10 10 28.98 84.16 10 10 20.40 68.72 0 0  0 0 0 0 0 1
19:13:47 Tuesday May 12 59.9 10 10 28.98 84.16 10 10 20.40 68.72 0 0  0 0 0 0 0 1
19:15:18 Tuesday May 12 60.3 10 10 28.98 84.16 10 10 20.50 68.91 0 0  0 0 0 0 0 1
19:16:49 Tuesday May 12 60.4 10 10 28.98 84.16 10 10 20.52 68.94 0 0  0 0 0 0 0 1
19:18:20 Tuesday May 12 59.8 10 10 28.98 84.16 10 10 20.38 68.68 0 0  0 0 0 0 0 1
19:19:51 Tuesday May 12 59.8 10 10 28.98 84.16 10 10 20.38 68.68 0 0  0 0 0 0 0 1
19:21:22 Tuesday May 12 59.9 10 10 28.98 84.16 10 10 20.40 68.72 0 0  0 0 0 0 0 1
19:22:53 Tuesday May 12 60.4 10 10 28.98 84.16 10 10 20.54 68.98 0 0  0 0 0 0 0 1
19:24:24 Tuesday May 12 60.4 10 10 28.98 84.16 10 10 20.54 68.98 0 0  0 0 0 0 0 1
19:25:55 Tuesday May 12 60.1 10 10 28.98 84.16 10 10 20.44 68.80 0 0  0 0 0 0 0 1
19:27:26 Tuesday May 12 60.1 10 10 28.98 84.16 10 10 20.44 68.80 0 0  0 0 0 0 0 1
19:28:57 Tuesday May 12 60.1 10 10 28.98 84.16 10 10 20.46 68.83 0 0  0 0 0 0 0 1
19:30:28 Tuesday May 12 60.7 10 10 28.98 84.16 10 10 20.60 69.09 0 0  0 0 0 0 0 1
19:31:59 Tuesday May 12 60.7 10 10 28.98 84.16 10 10 20.60 69.09 0 0  0 0 0 0 0 1
19:33:30 Tuesday May 12 60.3 10 10 28.98 84.16 10 10 20.50 68.91 0 0  0 0 0 0 0 1
19:35:01 Tuesday May 12 60.2 10 10 28.98 84.16 10 10 20.48 68.87 0 0  0 0 0 0 0 1
19:36:32 Tuesday May 12 60.2 10 10 28.98 84.16 10 10 20.48 68.87 0 0  0 0 0 0 0 1
19:38:03 Tuesday May 12 60.3 10 10 28.98 84.16 10 10 20.50 68.91 0 0  0 0 0 0 0 1
19:39:34 Tuesday May 12 60.7 10 10 28.88 83.99 10 10 20.54 68.97 0 0  0 0 0 0 0 1
19:41:05 Tuesday May 12 60.7 10 10 28.88 83.99 10 10 20.54 68.97 0 0  0 0 0 0 0 1
19:42:36 Tuesday May 12 60.2 10 10 28.88 83.99 10 10 20.39 68.71 0 0  0 0 0 0 0 1
19:44:07 Tuesday May 12 60.1 10 10 28.88 83.99 10 10 20.37 68.67 0 0  0 0 0 0 0 1
19:45:38 Tuesday May 12 60.1 10 10 28.88 83.99 10 10 20.35 68.64 0 0  0 0 0 0 0 1
19:47:09 Tuesday May 12 60.5 10 10 28.88 83.99 10 10 20.48 68.86 0 0  0 0 0 0 0 1
19:48:40 Tuesday May 12 60.4 10 10 28.88 83.99 10 10 20.43 68.79 0 0  0 0 0 0 0 1
19:50:11 Tuesday May 12 59.9 10 10 28.88 83.99 10 10 20.31 68.56 0 0  0 0 0 0 0 1
19:51:42 Tuesday May 12 59.7 10 10 28.88 83.99 10 10 20.27 68.49 0 0  0 0 0 0 0 1
19:53:13 Tuesday May 12 59.7 10 10 28.88 83.99 10 10 20.27 68.49 0 0  0 0 0 0 0 1
19:54:44 Tuesday May 12 60.3 10 10 28.88 83.99 10 10 20.41 68.75 0 0  0 0 0 0 0 1
19:56:15 Tuesday May 12 60.1 10 10 28.88 83.99 10 10 20.37 68.67 0 0  0 0 0 0 0 1
19:57:46 Tuesday May 12 59.4 10 10 28.88 83.99 10 10 20.19 68.34 0 0  0 0 0 0 0 1
19:59:17 Tuesday May 12 59.4 10 10 28.88 83.99 10 10 20.17 68.30 0 0  0 0 0 0 0 1
20:00:48 Tuesday May 12 59.4 10 10 28.88 83.99 10 10 20.17 68.30 0 0  0 0 0 0 0 1
20:02:19 Tuesday May 12 59.1 10 10 28.79 83.83 10 10 20.02 68.03 0 0  0 0 0 0 0 1
20:03:50 Tuesday May 12 59.7 10 10 28.79 83.83 10 10 20.16 68.29 0 0  0 0 0 0 0 1
20:05:21 Tuesday May 12 59.5 10 10 28.79 83.83 10 10 20.12 68.22 0 0  0 0 0 0 0 1
20:06:52 Tuesday May 12 59.1 10 10 28.79 83.83 10 10 20.00 68.00 0 0  0 0 0 0 0 1
59615 Clock synced with: T1242158788 - 20:06:29 Tuesday May 12 
Time Weekday Month Day Hum  Mn Mx TempC Tempf Mn Mx DewPc DewPf F H  1 2 3 4 5 6
20:06:30 Tuesday May 12 59.1 10 10 28.79 83.83 10 10 20.02 68.03 0 0  0 0 0 0 0 1
T Hum  Mn Mx TempC Tempf Mn Mx DewPc DewPf F H  1 2 3 4 5 6
1 Mode 6
5 59.1 10 10 28.79 83.83 10 10 20.02 68.03 0 0  0 0 0 0 0 1
15 Clock synced with: T1242158915 - 20:08:36 Tuesday May 12 
Time Weekday Month Day Hum  Mn Mx TempC Tempf Mn Mx DewPc DewPf F H  1 2 3 4 5 6
20:08:37 Tuesday May 12 59.2 10 10 28.79 83.83 10 10 20.04 68.07 0 0  0 0 0 0 0 1
20:10:08 Tuesday May 12 59.2 10 10 28.79 83.83 10 10 20.04 68.07 0 0  0 0 0 0 0 1
20:11:39 Tuesday May 12 59.1 10 10 28.79 83.83 10 10 20.02 68.03 0 0  0 0 0 0 0 1
20:13:10 Tuesday May 12 59.6 10 10 28.79 83.83 10 10 20.14 68.26 0 0  0 0 0 0 0 1
20:14:41 Tuesday May 12 59.7 10 10 28.79 83.83 10 10 20.16 68.29 0 0  0 0 0 0 0 1
20:16:12 Tuesday May 12 58.8 10 10 28.79 83.83 10 10 19.93 67.88 0 0  0 0 0 0 0 1
20:17:43 Tuesday May 12 58.7 10 10 28.79 83.83 10 10 19.89 67.81 0 0  0 0 0 0 0 1
20:19:14 Tuesday May 12 58.6 10 10 28.79 83.83 10 10 19.87 67.77 0 0  0 0 0 0 0 1
20:20:45 Tuesday May 12 59.3 10 10 28.79 83.83 10 10 20.06 68.11 0 0  0 0 0 0 0 1
20:22:16 Tuesday May 12 59.4 10 10 28.79 83.83 10 10 20.08 68.15 0 0  0 0 0 0 0 1
20:23:47 Tuesday May 12 59.5 10 10 28.79 83.83 10 10 20.12 68.22 0 0  0 0 0 0 0 1
20:25:18 Tuesday May 12 59.1 10 10 28.79 83.83 10 10 20.02 68.03 0 0  0 0 0 0 0 1
20:26:49 Tuesday May 12 59.4 10 10 28.79 83.83 10 10 20.08 68.15 0 0  0 0 0 0 0 1
20:28:20 Tuesday May 12 59.4 10 10 28.70 83.66 10 10 20.01 68.03 0 0  0 0 0 0 0 1
20:29:51 Tuesday May 12 60.4 10 10 28.70 83.66 10 10 20.28 68.51 0 0  0 0 0 0 0 1
20:31:22 Tuesday May 12 60.7 10 10 28.70 83.66 10 10 20.36 68.65 0 0  0 0 0 0 0 1
20:32:53 Tuesday May 12 60.0 10 10 28.70 83.66 10 10 20.16 68.29 0 0  0 0 0 0 0 1
20:34:24 Tuesday May 12 59.9 10 10 28.70 83.66 10 10 20.14 68.25 0 0  0 0 0 0 0 1
20:35:55 Tuesday May 12 59.7 10 10 28.70 83.66 10 10 20.09 68.17 0 0  0 0 0 0 0 1
20:37:26 Tuesday May 12 60.0 10 10 28.61 83.50 10 10 20.09 68.17 0 0  0 0 0 0 0 1
20:38:57 Tuesday May 12 60.3 10 10 28.70 83.66 10 10 20.24 68.43 0 0  0 0 0 0 0 1
20:40:28 Tuesday May 12 60.0 10 10 28.61 83.50 10 10 20.09 68.17 0 0  0 0 0 0 0 1
20:41:59 Tuesday May 12 60.2 10 10 28.61 83.50 10 10 20.13 68.24 0 0  0 0 0 0 0 1
20:43:30 Tuesday May 12 60.4 10 10 28.61 83.50 10 10 20.19 68.35 0 0  0 0 0 0 0 1
20:45:01 Tuesday May 12 61.0 10 10 28.61 83.50 10 10 20.35 68.64 0 0  0 0 0 0 0 1
20:46:32 Tuesday May 12 61.3 10 10 28.61 83.50 10 10 20.44 68.79 0 0  0 0 0 0 0 1
20:48:03 Tuesday May 12 61.4 10 10 28.61 83.50 10 10 20.46 68.82 0 0  0 0 0 0 0 1
20:49:34 Tuesday May 12 61.0 10 10 28.61 83.50 10 10 20.35 68.64 0 0  0 0 0 0 0 1
20:51:05 Tuesday May 12 61.1 10 10 28.61 83.50 10 10 20.37 68.68 0 0  0 0 0 0 0 1
20:52:36 Tuesday May 12 61.3 10 10 28.61 83.50 10 10 20.42 68.75 0 0  0 0 0 0 0 1
20:54:07 Tuesday May 12 61.9 10 10 28.61 83.50 10 10 20.58 69.04 0 0  0 0 0 0 0 1
20:55:38 Tuesday May 12 62.1 10 10 28.52 83.33 10 10 20.55 68.99 0 0  0 0 0 0 0 1
20:57:09 Tuesday May 12 61.6 10 10 28.61 83.50 10 10 20.52 68.93 0 0  0 0 0 0 0 1
20:58:40 Tuesday May 12 61.7 10 10 28.61 83.50 10 10 20.54 68.97 0 0  0 0 0 0 0 1
21:00:11 Tuesday May 12 61.7 10 10 28.61 83.50 10 10 20.54 68.97 0 0  0 0 0 0 0 1
21:01:42 Tuesday May 12 62.2 10 10 28.52 83.33 10 10 20.57 69.03 0 0  0 0 0 0 0 1
21:03:13 Tuesday May 12 62.1 10 10 28.52 83.33 10 10 20.55 68.99 0 0  0 0 0 0 0 1
21:04:44 Tuesday May 12 61.4 10 10 28.52 83.33 10 10 20.37 68.67 0 0  0 0 0 0 0 1
21:06:15 Tuesday May 12 61.4 10 10 28.52 83.33 10 10 20.37 68.67 0 0  0 0 0 0 0 1
21:07:46 Tuesday May 12 61.6 10 10 28.52 83.33 10 10 20.43 68.77 0 0  0 0 0 0 0 1
21:09:17 Tuesday May 12 62.2 10 10 28.52 83.33 10 10 20.59 69.06 0 0  0 0 0 0 0 1
21:10:48 Tuesday May 12 62.2 10 10 28.52 83.33 10 10 20.59 69.06 0 0  0 0 0 0 0 1
21:12:19 Tuesday May 12 62.3 10 10 28.52 83.33 10 10 20.61 69.10 0 0  0 0 0 0 0 1
21:13:50 Tuesday May 12 61.9 10 10 28.52 83.33 10 10 20.51 68.92 0 0  0 0 0 0 0 1
21:15:21 Tuesday May 12 61.9 10 10 28.52 83.33 10 10 20.51 68.92 0 0  0 0 0 0 0 1
21:16:52 Tuesday May 12 62.0 10 10 28.52 83.33 10 10 20.53 68.95 0 0  0 0 0 0 0 1
21:18:23 Tuesday May 12 62.8 10 10 28.52 83.33 10 10 20.73 69.31 0 0  0 0 0 0 0 1
21:19:54 Tuesday May 12 63.1 10 10 28.52 83.33 10 10 20.81 69.45 0 0  0 0 0 0 0 1
21:21:25 Tuesday May 12 62.6 10 10 28.52 89.33 10 10 20.69 69.24 0 0  0 0 0 0 0 1

